150 4030
74 31
106 61
98 131
86 50
37 143
24 7
117 32
78 89
49 96
79 72
111 108
2 83
53 37
48 42
71 100
88 47
132 44
108 132
77 44
32 115
90 108
24 109
43 102
48 92
100 29
67 61
137 69
47 40
106 95
83 80
46 73
127 80
20 138
62 97
32 146
114 24
6 138
133 49
91 83
142 41
112 111
5 100
30 52
140 38
147 125
20 95
49 50
77 69
38 41
68 122
89 33
147 96
21 130
145 14
64 39
108 78
52 113
28 82
15 71
23 64
46 95
62 147
145 139
118 33
83 37
6 22
70 55
118 143
87 16
8 53
107 116
132 10
131 10
144 48
81 69
112 30
15 76
27 10
118 146
96 51
85 4
125 57
59 94
50 146
12 110
50 21
128 32
31 109
42 78
7 26
147 22
56 64
98 135
127 118
33 73
19 118
77 47
25 136
43 128
34 55
140 84
128 119
18 10
130 113
140 138
139 39
10 97
104 10
82 81
31 18
4 102
136 133
149 64
21 42
94 55
149 84
140 128
105 8
40 86
121 30
74 12
69 136
109 75
48 94
6 79
112 62
32 0
97 31
64 118
126 60
24 125
47 66
103 2
126 143
88 0
75 64
12 47
102 24
122 1
20 129
93 14
34 41
98 1
9 74
61 85
49 108
1 55
111 30
100 101
30 26
16 94
125 118
20 97
21 40
128 4
74 72
70 109
113 70
12 24
144 73
110 96
84 13
53 97
43 3
100 125
81 116
70 56
137 142
56 60
33 34
116 9
106 37
20 121
107 32
146 4
2 144
21 55
91 117
110 41
92 94
60 64
52 99
57 108
9 90
45 28
65 22
25 74
106 21
130 114
81 34
108 102
89 101
69 102
45 64
98 105
128 0
106 35
11 17
27 56
45 29
109 12
103 36
139 59
109 119
76 40
4 86
143 145
90 114
149 135
28 97
142 7
0 98
94 11
17 122
119 63
53 130
75 6
17 64
117 126
86 95
69 90
32 62
137 122
78 137
84 1
16 136
1 110
49 18
134 18
81 37
51 59
43 120
25 63
148 111
8 67
51 40
129 91
64 110
78 125
119 64
126 37
51 29
49 100
48 34
21 31
71 72
142 17
94 18
80 92
129 140
10 83
83 41
24 147
1 102
123 22
68 1
59 119
122 131
64 116
117 109
35 61
127 115
3 8
106 65
91 39
107 17
88 10
21 113
33 90
17 144
59 100
5 83
81 50
76 47
17 43
6 52
6 35
70 62
44 78
127 37
19 136
55 9
49 76
123 134
16 42
142 134
61 125
22 103
83 81
58 142
18 30
54 62
2 81
70 57
90 119
133 115
103 52
7 133
30 149
19 143
124 106
33 49
111 117
32 71
11 50
101 65
15 13
148 17
94 120
126 35
141 109
52 146
11 112
130 93
111 149
87 138
7 120
89 119
139 121
40 0
73 44
117 140
57 18
7 54
138 133
141 32
145 43
28 6
5 8
2 19
60 89
59 67
59 148
88 49
21 129
101 94
75 69
85 34
87 144
88 127
30 79
9 77
25 38
135 82
98 137
3 60
76 62
128 136
112 66
87 133
97 38
130 74
9 117
109 96
13 47
126 43
29 135
120 106
75 106
38 76
93 42
136 72
6 16
58 119
135 47
102 134
85 134
59 95
101 18
93 115
117 69
60 48
107 83
4 84
91 43
62 86
137 49
8 143
117 118
14 102
15 19
87 3
3 146
0 7
66 93
122 33
65 84
82 74
17 86
60 108
31 123
45 70
74 53
116 41
46 89
149 35
92 55
83 92
62 149
88 86
84 55
20 68
31 38
5 91
48 88
64 145
61 40
101 27
134 25
59 82
114 111
16 50
103 130
101 93
66 35
148 138
6 29
78 11
23 29
1 139
24 62
30 125
141 66
12 17
126 28
119 131
60 70
75 28
7 125
68 13
57 147
76 80
26 130
94 1
78 86
67 78
137 117
95 51
131 103
7 41
75 134
69 135
109 137
148 68
36 127
148 114
9 120
67 103
23 145
39 143
110 123
129 147
148 110
53 78
139 24
63 1
12 113
69 100
142 120
117 1
142 34
105 67
81 46
125 73
133 6
70 132
19 72
39 72
0 81
97 115
134 11
79 105
111 123
75 130
125 119
14 80
37 147
28 149
106 55
72 89
62 44
123 81
117 65
55 19
146 2
135 130
65 116
85 79
141 63
59 116
84 126
98 121
123 127
23 131
32 95
123 146
140 96
11 35
28 59
89 65
39 5
83 27
84 75
90 45
41 24
48 145
19 71
48 110
0 27
119 11
114 50
123 54
115 12
59 101
91 45
78 83
90 21
10 14
63 58
9 82
31 89
36 1
91 84
112 91
13 133
33 127
84 51
42 143
54 133
90 132
119 82
3 129
96 119
89 7
51 22
97 87
23 90
73 37
31 139
73 35
19 8
65 103
59 107
148 15
142 88
49 111
72 105
90 71
74 81
130 125
103 129
66 100
79 139
38 0
148 5
103 109
112 101
125 6
91 76
20 66
31 12
137 105
94 117
81 47
97 98
76 16
90 143
132 109
72 32
114 26
142 128
29 19
134 121
95 56
69 76
134 13
95 117
60 94
65 137
13 6
130 32
78 14
43 52
47 7
78 91
37 10
110 73
131 107
130 70
136 49
48 121
62 143
88 24
88 56
11 3
62 43
35 42
110 130
39 75
0 76
85 12
149 118
90 8
28 40
31 142
33 119
17 23
25 80
26 139
26 113
83 136
93 80
97 34
57 149
110 44
11 110
12 84
141 4
144 20
44 25
64 129
55 72
64 81
97 47
128 92
29 127
127 86
126 87
130 39
99 44
123 91
48 118
13 144
45 77
124 92
61 29
67 125
130 147
52 10
124 81
96 100
18 77
139 118
121 14
111 72
34 124
66 80
103 92
22 14
23 89
41 36
120 8
47 101
57 1
13 31
82 109
33 3
36 74
23 60
89 134
34 123
10 2
53 113
95 128
30 20
67 71
132 58
93 39
59 106
123 44
117 6
47 56
133 122
116 72
8 52
97 18
54 1
33 51
31 63
72 0
37 30
88 85
12 50
93 135
146 61
44 43
19 27
67 135
1 75
37 98
1 28
45 32
144 19
33 83
49 25
4 40
13 16
142 106
2 138
69 98
83 88
125 28
127 64
126 122
58 128
52 5
10 46
24 43
129 125
121 35
67 134
52 59
90 106
99 62
54 32
52 81
84 28
11 61
144 137
85 104
17 138
109 28
86 133
123 66
11 146
3 78
130 55
40 123
11 41
35 117
74 87
100 60
17 111
1 109
97 128
98 34
13 124
2 24
120 5
5 101
113 97
74 26
138 11
144 62
0 146
25 18
82 11
8 100
29 106
130 128
42 144
102 44
70 72
101 75
22 149
91 11
62 137
125 63
133 52
81 143
4 12
67 86
20 48
64 62
94 68
8 14
42 11
142 118
128 66
19 121
129 82
108 7
59 128
39 63
75 12
31 95
112 147
7 56
65 67
71 10
78 115
128 108
31 49
79 63
131 89
70 28
83 129
58 24
94 3
119 19
114 30
50 23
87 116
142 60
126 123
25 6
81 108
55 11
21 89
100 143
117 85
25 26
81 131
139 149
34 5
30 84
102 73
131 130
46 6
41 90
33 141
83 52
77 108
130 88
130 62
69 119
61 103
26 143
38 55
64 140
31 45
23 77
103 9
107 22
112 38
140 97
91 119
108 71
57 88
35 29
109 149
132 135
44 72
93 109
115 124
4 138
51 10
49 61
32 55
59 46
145 101
143 138
122 101
39 147
146 93
134 41
68 77
52 33
103 56
73 56
118 122
117 0
27 79
46 23
30 92
63 55
43 25
137 135
23 98
35 19
41 71
50 14
44 3
123 117
60 91
90 79
8 92
94 91
86 8
48 130
33 35
17 108
133 104
30 76
26 142
88 76
59 34
132 32
2 94
25 144
23 71
66 62
77 2
70 125
62 103
114 45
58 46
121 84
38 111
146 96
83 50
40 11
96 116
102 50
73 81
53 45
108 139
103 20
93 119
65 53
15 88
39 105
50 101
48 90
148 140
106 34
7 110
41 91
81 33
71 76
54 136
31 69
127 70
77 79
21 84
27 121
24 77
14 126
21 22
62 80
133 48
63 76
140 144
128 123
27 49
101 82
88 132
52 130
46 125
64 73
97 89
52 111
117 73
133 29
55 18
77 119
95 119
113 73
92 42
26 112
112 27
53 79
100 52
70 2
65 37
127 48
66 85
119 45
54 64
15 69
39 107
111 63
1 40
120 59
58 134
87 111
63 89
65 133
144 130
72 23
80 138
34 12
113 101
58 147
118 111
92 59
43 94
13 107
34 78
142 28
58 65
103 40
105 62
126 105
142 110
10 103
107 30
64 144
53 135
58 96
132 123
105 68
148 11
52 20
13 142
62 140
97 106
100 9
59 57
39 26
103 17
84 6
3 45
4 37
18 12
105 70
12 103
133 77
54 35
149 120
79 113
110 79
70 112
88 129
71 128
5 24
145 90
82 50
37 138
87 55
0 94
27 64
47 11
46 43
124 28
6 136
107 76
98 45
108 19
75 113
95 71
23 142
67 13
100 120
107 127
34 57
138 78
61 87
121 87
115 29
73 124
71 116
92 147
79 89
120 87
18 143
131 85
58 81
107 16
59 142
125 99
70 36
25 53
122 98
79 130
119 1
96 113
50 78
15 70
65 48
57 124
130 15
42 91
59 69
40 129
105 129
72 130
84 44
130 14
25 1
67 121
114 117
101 68
39 116
40 6
67 97
32 47
40 73
45 132
104 52
13 26
84 0
123 64
21 81
2 123
149 41
141 39
47 58
39 132
7 105
108 99
29 4
134 35
56 147
62 141
147 87
137 23
98 60
104 100
85 6
43 77
45 143
37 136
125 97
87 82
80 120
37 129
109 144
43 96
69 141
71 127
30 11
114 5
10 56
89 108
79 78
93 137
124 75
10 63
54 21
110 149
118 29
43 27
105 37
21 37
74 145
67 7
58 31
12 120
139 3
78 120
134 73
9 10
148 19
41 86
52 61
17 147
140 123
34 11
62 11
58 129
18 116
62 30
138 51
73 70
42 83
80 41
4 56
94 45
44 48
8 62
46 148
35 132
143 120
129 63
139 41
94 127
93 82
96 16
2 41
1 134
82 6
93 78
103 137
28 112
49 74
12 136
109 126
136 102
16 138
6 12
17 1
146 16
70 50
57 71
34 139
77 127
119 31
45 66
124 109
105 83
86 91
87 85
56 5
73 114
69 142
60 36
115 117
107 0
8 87
118 98
125 65
15 99
24 120
97 71
27 72
35 96
65 1
64 125
89 29
145 47
81 3
33 4
111 60
121 28
61 145
50 145
8 13
16 7
84 95
80 22
94 145
23 8
22 113
37 69
62 119
132 8
102 145
120 73
24 31
120 74
88 94
38 74
92 118
96 36
15 120
44 89
135 81
9 47
145 136
44 149
132 14
72 6
97 42
21 13
145 113
131 91
149 48
113 43
137 0
27 48
99 31
32 94
18 128
93 52
44 67
58 141
12 40
16 137
13 38
53 33
1 53
81 17
148 120
17 25
19 117
57 103
113 127
29 126
78 139
20 90
29 36
77 42
126 129
102 82
12 104
135 145
23 133
116 40
61 135
59 118
88 75
147 72
86 26
49 14
105 96
7 84
139 36
64 143
118 128
149 103
124 22
138 90
115 49
127 76
1 118
40 139
144 141
4 61
60 11
8 119
95 49
5 61
42 25
40 94
30 14
116 19
120 133
60 92
2 113
60 42
103 107
33 9
18 145
20 26
127 74
79 20
100 119
16 130
133 132
51 139
18 74
24 130
16 26
145 128
121 0
137 56
9 6
104 81
134 145
147 0
28 32
34 79
21 52
3 97
84 71
123 80
80 89
53 90
95 7
73 82
128 22
144 75
50 128
71 99
30 99
131 64
80 54
19 84
1 103
5 27
33 107
23 16
47 128
8 44
126 15
104 22
91 56
52 64
147 145
42 68
79 43
21 137
70 107
123 95
124 33
42 12
114 18
27 120
41 20
27 145
84 33
78 149
20 127
145 62
45 126
8 118
127 12
126 2
9 3
35 51
15 52
122 94
60 101
82 138
67 62
26 127
106 136
63 115
41 0
69 108
52 41
53 75
106 70
124 16
21 109
57 24
114 74
74 83
39 101
61 122
45 71
109 49
116 1
50 87
109 4
128 12
79 84
134 106
3 6
65 60
82 29
36 7
14 75
108 75
99 55
146 86
56 106
135 74
9 87
12 118
92 140
33 21
127 17
29 32
75 94
144 8
25 30
15 40
8 25
17 9
95 38
112 83
70 124
17 136
86 46
56 115
78 131
112 72
139 137
102 56
79 12
133 97
22 63
13 117
101 139
100 116
72 21
142 25
85 9
64 21
55 120
137 133
101 1
55 143
138 60
49 120
72 33
67 146
148 132
16 2
121 18
118 95
39 110
22 86
48 77
56 87
113 8
88 70
1 129
130 102
99 105
135 68
3 36
102 19
38 73
38 6
70 129
18 92
29 107
20 85
44 133
145 35
53 48
14 86
1 15
93 38
83 148
74 35
18 112
10 108
20 80
22 146
131 51
39 49
134 34
136 90
83 0
78 136
67 21
24 52
71 1
139 89
15 149
99 36
127 56
137 108
9 142
41 146
135 28
138 120
106 50
139 32
102 61
33 92
52 49
143 2
137 125
143 114
83 130
122 84
43 65
133 28
145 121
28 27
90 130
140 124
124 43
75 118
45 62
70 52
20 94
39 115
9 22
45 57
143 95
35 83
3 115
13 94
95 3
120 70
46 97
38 143
83 139
111 3
41 33
149 80
51 9
4 96
118 50
42 3
41 115
52 63
87 98
144 71
112 129
60 125
35 4
61 34
136 112
95 141
118 76
125 43
104 27
9 93
121 73
91 135
111 88
109 22
122 96
134 68
139 94
131 82
149 100
8 1
88 35
96 94
38 142
65 118
46 118
73 59
56 33
129 117
149 20
114 32
102 15
16 25
48 112
119 12
4 147
22 122
115 69
142 90
30 101
123 112
32 4
131 83
115 126
12 0
41 28
25 89
101 13
106 8
1 24
19 32
125 143
46 7
147 27
90 74
25 108
50 37
108 91
118 35
82 63
81 86
128 89
120 126
119 121
0 138
55 28
33 101
35 31
129 28
136 109
145 146
103 15
121 56
96 28
145 117
76 139
72 37
93 79
145 79
127 142
58 60
79 137
75 103
43 81
70 42
109 118
16 17
117 92
7 131
115 101
113 111
82 2
4 60
46 62
49 45
130 145
28 103
89 39
71 98
102 87
18 69
81 25
147 88
58 113
91 21
126 24
84 23
94 54
51 46
2 31
134 32
24 55
32 126
44 50
127 147
116 36
110 57
109 138
81 35
20 67
58 114
122 109
10 26
43 5
10 79
37 34
37 70
10 81
22 10
109 0
7 75
88 19
34 47
7 116
82 27
33 43
43 57
54 106
135 97
111 146
27 149
30 64
121 93
47 143
103 6
45 12
81 133
31 116
83 38
110 10
127 15
116 112
10 93
129 41
7 2
134 107
113 93
1 97
76 32
115 61
122 99
129 89
70 141
6 118
62 73
98 72
16 129
33 28
40 146
145 100
27 110
11 149
111 42
140 32
34 44
131 92
64 95
15 12
18 32
43 85
10 24
137 43
52 27
23 139
26 50
99 89
50 113
132 92
145 16
136 126
10 50
124 26
114 142
129 120
83 116
65 38
114 69
47 42
119 49
33 71
66 59
83 104
87 94
105 132
81 85
4 14
51 121
52 149
81 68
120 31
12 142
80 46
63 144
113 31
53 47
136 42
104 117
64 59
46 57
62 0
28 16
137 120
42 149
112 24
70 9
109 25
108 147
68 53
40 22
20 6
133 21
54 30
78 18
30 8
86 29
19 73
51 114
40 20
45 111
81 56
136 91
53 54
144 93
128 14
1 14
35 55
44 15
125 74
23 62
5 95
37 109
59 12
76 99
33 121
60 16
27 99
108 80
55 4
75 86
19 77
100 106
34 144
122 62
120 47
124 27
142 11
38 51
24 115
53 109
86 15
27 114
114 37
96 72
42 22
1 108
69 87
4 93
149 26
105 35
89 144
139 15
109 42
26 97
57 53
61 74
146 35
134 56
148 37
14 67
63 26
96 106
103 51
43 42
97 32
126 83
56 86
39 117
10 32
79 58
67 63
114 65
100 30
34 127
100 97
3 98
51 149
107 60
146 13
146 87
33 58
119 112
78 80
3 28
110 37
5 112
37 60
69 111
43 22
84 22
37 132
87 33
69 120
135 109
143 103
69 51
13 27
0 134
40 44
6 53
73 143
127 110
45 97
35 38
135 72
37 140
143 82
93 62
35 60
70 49
87 71
17 92
82 90
137 59
102 112
124 49
111 61
139 97
35 90
80 6
121 144
37 93
3 83
122 86
47 79
30 85
36 71
11 97
104 4
120 127
50 7
70 145
131 137
123 37
123 48
29 81
146 60
17 32
131 101
6 45
49 103
9 61
84 59
68 4
54 102
43 28
139 16
26 14
116 133
86 47
65 134
107 82
17 141
33 75
88 134
39 38
89 123
97 8
110 125
82 99
43 10
113 61
143 101
109 58
86 118
140 5
109 76
80 99
128 2
48 119
27 146
127 109
50 139
140 30
44 5
92 89
148 95
19 40
18 82
92 10
133 141
39 9
22 141
25 41
39 121
99 33
84 110
105 6
1 107
89 19
0 33
24 14
98 115
23 22
106 74
18 24
4 117
58 117
127 44
77 82
50 130
39 41
13 52
140 90
61 140
107 136
12 64
113 95
97 131
119 4
0 79
23 127
124 100
59 76
133 98
130 33
139 45
80 31
37 43
21 145
59 44
82 58
25 104
114 25
33 137
140 113
136 123
113 6
60 93
139 21
81 26
116 4
73 47
92 22
93 19
126 57
45 10
97 99
63 107
113 74
22 2
89 103
47 31
27 42
50 4
2 147
66 99
149 37
88 62
140 108
26 64
13 51
60 119
34 69
78 133
26 52
63 80
102 31
29 101
69 19
23 107
126 49
22 139
2 51
20 110
89 54
77 116
135 140
46 139
22 127
48 5
11 71
113 137
22 37
29 24
88 61
41 109
65 102
50 5
87 29
121 72
71 69
114 145
46 54
138 94
112 51
67 127
91 89
66 22
16 4
83 57
15 104
89 133
108 41
138 45
70 12
19 142
39 30
90 80
26 104
131 94
81 72
85 147
53 27
60 121
104 43
41 92
140 14
6 10
58 88
20 37
27 46
141 9
42 124
133 30
121 130
131 77
38 37
146 29
103 3
143 136
109 65
111 67
86 65
142 24
63 92
19 111
94 58
51 143
139 4
146 80
16 41
118 27
106 44
65 119
14 15
77 56
98 13
121 63
35 16
87 0
108 107
112 105
98 56
17 146
38 85
37 58
14 143
103 80
14 117
75 147
7 98
114 49
58 57
80 27
70 80
135 139
76 75
8 139
71 22
106 68
16 83
65 24
31 27
129 11
117 40
80 7
148 34
53 70
108 61
40 27
51 77
125 66
55 25
146 42
29 78
23 135
107 26
39 50
58 6
13 145
77 138
39 68
18 146
39 24
134 131
126 7
18 43
121 77
26 76
111 136
134 26
131 62
14 43
26 105
13 44
4 8
12 43
33 6
89 17
76 58
63 114
86 34
42 14
13 55
103 142
84 107
52 86
5 45
11 133
103 74
98 91
10 140
105 23
97 7
21 28
40 132
25 19
12 107
54 39
53 59
83 110
6 146
145 11
70 93
102 132
116 131
113 38
78 38
68 142
145 56
109 101
147 64
76 72
80 48
15 85
83 53
44 141
37 63
122 50
140 50
25 58
16 54
23 14
119 86
146 97
5 73
19 137
23 35
72 106
97 27
82 69
129 54
57 21
6 134
132 101
58 28
64 79
114 61
26 21
36 46
61 59
16 123
2 15
52 84
85 84
105 47
28 87
50 85
138 108
16 52
37 32
113 64
54 51
110 17
111 93
0 29
118 55
44 20
41 31
127 112
49 81
40 9
142 129
94 7
43 50
59 55
67 72
50 119
24 145
91 118
79 97
111 133
114 11
116 10
100 58
38 15
2 133
65 61
35 141
10 28
146 112
2 98
71 114
133 35
27 100
97 29
24 46
41 121
134 76
112 138
17 95
79 65
110 134
14 31
98 147
149 66
56 8
137 132
106 73
60 38
9 60
27 24
48 141
100 117
139 30
14 99
32 14
148 0
93 148
118 51
34 14
53 104
0 114
66 27
40 115
71 141
134 60
73 17
61 139
116 93
55 17
15 114
49 73
121 135
87 52
132 42
59 132
61 47
142 132
90 127
94 65
46 5
54 13
98 109
82 94
9 97
58 59
20 81
44 9
134 78
70 122
60 63
92 101
118 138
106 23
53 107
34 135
51 44
5 4
144 101
73 90
131 144
114 93
109 121
146 51
124 17
91 132
92 145
89 126
32 42
72 17
73 100
81 139
78 111
9 54
103 42
48 68
38 59
91 34
110 117
99 45
74 131
133 146
148 89
28 71
91 109
113 71
122 24
125 127
67 75
45 7
134 38
93 94
5 47
48 7
92 146
98 16
65 27
124 93
104 114
137 128
138 14
105 107
91 58
71 149
105 21
6 99
69 6
116 99
28 114
81 32
45 68
83 17
95 75
72 24
115 79
45 23
28 115
29 46
116 70
129 144
76 18
141 121
86 53
109 71
71 55
48 43
145 55
49 85
84 125
149 40
31 10
13 102
47 36
64 57
27 90
64 29
9 145
110 8
21 10
37 47
135 88
118 66
19 67
5 135
124 84
84 42
87 32
97 96
105 100
10 7
148 145
96 40
98 70
5 76
131 141
118 120
23 66
118 4
124 125
104 94
3 127
11 99
17 74
98 112
7 14
76 8
136 77
133 43
3 114
34 24
142 104
113 18
14 58
35 50
19 52
124 117
66 34
33 44
42 20
121 25
115 27
103 27
11 95
33 125
147 29
74 133
46 109
33 65
85 130
94 118
40 48
63 6
127 104
33 69
77 66
44 92
82 41
121 6
77 70
124 122
114 120
143 41
106 33
89 71
39 67
25 97
49 58
27 113
57 93
17 134
65 34
48 4
18 23
29 132
143 22
23 2
107 14
73 147
133 1
146 33
111 13
62 138
29 33
97 86
122 93
51 20
0 69
95 29
51 141
51 126
143 60
140 118
59 133
121 148
4 121
28 38
31 28
107 126
57 60
117 10
36 12
123 27
131 30
53 2
136 14
135 9
6 41
32 143
74 19
85 67
109 45
141 80
93 24
111 48
62 116
141 59
7 117
130 108
122 38
8 102
5 136
132 112
52 123
148 76
3 61
62 121
30 32
21 62
42 45
101 35
5 11
39 10
49 22
25 3
145 68
51 45
124 50
40 75
88 117
31 20
51 104
51 85
129 109
148 71
21 47
93 46
51 88
114 4
106 58
118 21
77 60
28 30
87 131
134 72
75 35
28 68
7 121
114 110
111 79
115 147
107 89
93 35
0 92
102 80
122 92
61 8
66 39
95 27
48 142
60 145
1 76
11 127
44 21
56 118
131 60
2 12
96 1
54 83
129 114
93 86
79 148
116 76
81 100
131 146
70 136
59 68
39 113
54 70
130 34
22 96
3 31
74 119
88 91
24 121
107 146
12 67
66 142
3 18
65 26
17 40
9 73
45 146
27 35
109 8
128 133
16 143
112 104
20 17
25 137
69 73
23 128
118 93
67 129
4 45
113 36
65 93
138 115
11 2
122 31
19 147
70 63
91 97
17 10
72 118
93 96
149 113
92 95
131 79
50 59
10 90
24 21
45 24
77 38
23 146
101 96
115 44
82 53
131 148
77 113
73 139
54 0
10 48
10 94
92 139
132 116
62 3
19 140
41 3
44 22
2 55
37 131
70 110
121 26
110 33
75 9
5 142
127 137
10 113
123 72
116 54
78 37
45 22
44 94
46 133
94 99
45 106
34 120
31 84
62 41
99 35
141 94
4 36
116 149
27 63
145 125
98 123
144 94
124 39
61 120
5 55
68 104
142 32
72 133
28 128
72 47
127 99
12 123
148 23
55 123
128 127
43 23
78 124
3 70
58 127
106 86
7 28
35 37
29 47
62 6
33 143
25 67
97 114
79 3
12 7
130 35
44 86
23 52
16 59
141 45
106 53
104 16
113 35
16 63
115 95
97 134
130 44
122 4
63 139
86 71
54 110
14 0
136 129
95 53
9 99
148 107
84 129
97 0
138 85
71 82
27 61
137 44
69 23
117 83
23 103
114 20
58 26
35 7
140 88
116 25
139 115
77 29
50 148
111 129
87 1
92 6
24 111
141 99
117 8
21 25
34 42
36 69
103 146
25 83
81 38
62 95
86 149
96 81
58 22
42 49
121 61
109 142
87 143
114 136
2 57
71 35
88 148
118 71
36 82
82 14
106 140
36 50
91 59
51 101
96 137
126 113
124 80
136 28
138 110
108 136
49 145
69 65
20 1
131 28
130 134
68 72
49 94
2 87
47 141
127 69
36 73
99 17
101 44
104 64
60 50
143 85
92 40
76 113
98 106
32 99
54 121
74 56
2 127
9 83
41 137
4 89
8 10
3 56
66 63
106 111
51 100
1 127
63 100
135 148
119 26
50 9
136 80
1 42
19 62
52 22
20 118
137 126
76 133
120 42
135 105
99 61
14 149
70 20
104 57
86 142
137 88
34 6
80 72
107 119
100 88
60 78
71 30
120 56
37 62
45 137
136 44
131 142
134 140
58 18
7 128
84 114
149 34
112 124
89 135
16 21
141 54
117 122
92 31
102 60
38 96
32 27
149 145
53 140
32 136
19 79
15 35
2 58
142 21
31 39
141 25
122 3
115 90
37 8
36 144
116 89
134 50
103 135
108 36
57 140
78 117
89 5
67 107
147 103
60 124
9 92
71 3
28 25
138 136
61 13
40 25
94 47
120 54
64 66
118 14
55 146
39 44
35 3
108 43
42 53
143 7
117 113
114 36
53 80
5 96
148 74
60 106
57 11
82 85
32 6
31 140
50 73
95 43
133 62
58 97
1 13
27 6
109 133
57 66
116 29
68 18
37 125
29 119
28 46
5 130
120 101
23 5
102 118
124 8
70 71
100 17
106 137
45 37
0 37
17 128
61 92
133 126
127 85
95 26
116 121
102 105
44 54
68 52
90 4
10 111
104 144
10 98
108 45
53 32
111 97
138 30
149 133
138 69
134 81
101 86
94 111
7 90
84 139
77 147
87 35
94 67
148 147
41 48
25 87
39 65
58 75
146 9
22 112
145 30
104 131
19 31
128 8
66 73
75 116
122 77
76 119
17 45
54 108
110 112
34 9
128 49
57 65
32 106
13 10
75 34
127 144
98 90
49 122
38 102
70 0
1 100
118 129
149 65
39 108
44 65
92 104
2 21
97 64
11 37
17 133
90 18
83 58
49 134
26 88
144 7
124 142
55 100
112 94
133 106
45 59
77 112
148 122
116 142
31 130
82 57
122 81
106 71
21 63
7 82
13 42
88 136
16 117
23 93
121 129
143 139
23 24
119 106
81 92
37 89
65 110
55 138
146 62
71 9
7 11
116 95
147 132
127 96
42 0
14 11
9 148
5 98
139 70
110 55
116 114
95 134
111 144
67 93
23 12
145 1
100 134
2 114
112 52
110 102
24 71
146 135
28 5
68 46
59 29
141 82
41 136
83 141
23 86
25 12
20 49
74 57
61 96
122 91
114 131
123 57
49 43
125 138
109 48
90 95
117 26
94 56
9 110
90 67
2 135
124 116
49 148
89 16
77 3
110 62
127 149
72 43
118 17
99 29
29 39
148 3
16 53
138 42
71 122
12 55
111 122
23 40
34 43
109 35
72 138
126 135
88 27
139 6
80 29
49 1
53 93
88 108
13 43
33 50
93 84
5 68
124 131
53 114
121 140
124 20
141 27
15 122
99 103
132 31
106 48
126 80
81 62
31 126
44 68
122 149
33 32
75 68
76 66
147 91
90 97
96 73
121 59
35 104
114 54
43 58
28 17
139 113
101 83
19 26
49 35
60 80
87 83
139 122
37 12
92 53
118 135
125 140
30 16
60 54
22 55
43 56
48 103
37 27
62 126
91 4
30 59
41 43
73 68
85 5
39 137
18 2
93 40
109 100
105 2
93 45
123 5
25 102
49 98
21 36
104 7
127 45
140 7
1 69
42 94
16 15
1 90
14 46
7 87
83 13
95 112
59 90
62 106
80 52
15 119
117 148
146 10
144 65
77 145
5 111
61 86
148 12
108 79
100 114
5 67
14 53
129 9
4 123
28 90
117 149
58 67
62 108
80 73
37 46
99 39
107 25
59 138
34 28
53 17
112 29
142 27
89 102
127 0
123 76
39 36
82 146
61 141
135 147
19 82
35 125
2 90
56 11
40 126
98 130
78 95
74 11
139 80
129 47
114 16
44 36
0 131
123 119
66 56
138 106
138 13
136 74
54 61
137 95
11 126
77 95
99 56
44 116
72 88
2 125
121 65
34 95
104 137
64 92
0 102
69 106
13 56
103 24
85 31
21 86
87 65
52 62
24 108
33 18
12 19
101 81
27 17
40 131
41 125
12 63
61 1
115 86
122 54
15 46
23 91
122 89
140 71
61 91
55 89
108 95
122 82
115 85
43 26
69 67
115 128
58 105
102 30
63 126
14 28
61 0
127 13
3 13
115 109
76 2
91 36
9 43
50 116
20 54
147 83
13 91
6 66
4 145
127 119
30 43
80 9
97 73
45 8
116 103
70 68
122 90
24 119
24 54
32 89
48 148
64 136
102 41
8 108
61 38
99 1
117 47
62 136
0 132
143 148
35 78
76 122
109 44
54 47
12 111
56 53
33 30
132 78
29 70
6 19
55 134
27 2
93 13
112 131
67 48
146 14
56 104
67 141
135 102
70 66
74 76
137 31
113 30
81 140
85 24
57 40
106 88
60 76
79 45
80 51
111 56
30 98
35 116
124 71
107 114
108 133
45 16
75 77
67 32
62 48
130 142
100 91
92 37
25 123
141 53
0 115
26 9
79 135
53 120
6 77
54 125
109 116
10 25
57 77
147 82
142 93
58 87
54 40
72 46
119 27
68 125
104 122
100 115
140 25
110 108
19 10
116 26
130 76
15 34
18 139
16 51
14 120
75 114
137 66
140 94
36 79
103 55
78 106
132 96
34 112
23 49
90 128
81 106
81 95
73 4
112 41
22 102
106 13
120 131
93 108
106 141
52 46
119 133
110 144
148 14
126 147
12 1
108 34
91 75
100 99
66 2
47 87
37 102
40 70
38 52
64 141
137 115
57 114
46 79
17 4
114 149
126 97
84 39
108 124
109 146
27 75
39 14
30 55
23 97
123 69
42 24
52 71
23 108
15 25
113 99
126 127
119 55
52 9
55 80
66 83
25 11
107 77
35 97
58 149
99 24
122 127
1 92
84 105
3 55
109 52
48 13
128 5
88 119
107 46
98 39
27 134
35 40
69 64
1 3
19 4
119 70
126 18
23 78
99 60
2 139
126 21
103 82
138 15
46 108
85 23
29 103
149 132
48 97
68 34
55 23
120 32
113 108
84 48
7 114
59 41
49 9
138 117
44 28
64 1
39 80
86 9
110 40
89 58
9 91
112 78
101 11
87 89
31 33
35 123
92 74
106 80
136 22
98 89
50 98
128 69
105 91
4 136
48 35
20 120
130 107
55 69
26 87
29 12
79 128
15 54
116 46
39 22
82 43
8 32
131 80
2 13
89 49
138 23
144 27
91 66
84 69
51 50
115 76
23 4
141 41
146 81
91 37
35 0
73 22
24 66
88 78
64 74
124 15
72 94
138 105
142 84
125 79
84 100
16 91
141 132
57 94
143 129
90 50
53 96
146 12
145 36
117 125
108 63
99 48
32 41
77 14
8 140
16 19
13 12
113 41
36 120
91 38
1 112
39 62
102 107
81 57
16 110
40 39
32 129
61 26
69 80
104 58
22 116
88 90
122 32
63 77
7 5
18 91
19 106
9 65
79 52
99 47
34 53
26 72
72 145
132 131
125 89
132 144
45 44
111 124
96 65
52 120
132 72
66 31
123 92
147 78
103 32
111 6
147 67
35 43
69 109
113 60
56 76
46 21
83 15
104 108
107 57
37 117
39 51
123 124
39 120
93 74
65 107
66 86
149 25
64 135
28 12
111 135
112 84
106 105
128 74
55 56
121 108
61 51
120 41
21 116
20 140
39 149
64 3
54 77
34 46
5 139
83 28
97 144
80 67
106 66
84 2
114 105
142 55
6 109
59 60
36 93
9 28
84 14
42 114
63 24
95 145
24 104
61 44
46 149
69 86
109 78
114 95
144 33
113 37
147 26
113 81
79 59
76 103
65 40
148 100
100 39
37 57
100 87
76 84
29 144
126 44
83 123
123 47
106 104
8 85
57 73
125 107
23 63
106 25
4 143
82 104
123 59
1 125
71 103
148 60
44 108
133 19
32 138
119 17
92 102
126 118
11 72
143 12
47 65
65 123
4 115
34 101
125 69
22 145
76 7
120 11
145 89
80 140
41 56
30 3
121 9
54 117
15 110
134 101
113 110
21 136
7 149
143 127
10 40
82 10
49 92
115 131
148 134
111 119
143 111
63 99
78 130
82 75
126 5
61 133
4 106
48 132
59 131
142 10
142 123
45 103
144 38
116 57
39 96
38 53
60 22
128 37
79 91
20 83
47 33
52 147
15 112
128 60
121 16
77 17
119 72
107 85
31 121
102 144
143 132
31 72
73 103
137 110
19 54
16 149
15 133
107 66
115 108
110 119
102 6
101 133
86 38
98 125
122 0
76 126
40 144
62 83
65 74
80 56
133 139
53 133
1 10
3 93
56 67
93 87
144 12
126 99
30 57
25 73
80 28
94 14
55 95
76 111
39 133
122 18
147 69
70 43
82 46
148 77
92 24
53 116
118 133
49 4
60 27
115 1
115 84
104 87
133 22
102 139
125 3
118 67
79 21
86 99
56 34
38 123
26 45
80 117
47 35
123 90
99 128
131 127
131 99
44 60
23 32
61 79
87 105
11 124
33 37
87 139
16 112
79 18
90 112
145 71
62 91
33 85
124 94
66 41
69 3
146 69
27 59
43 97
149 60
123 86
48 83
45 54
112 107
146 48
44 11
11 113
21 128
93 48
10 36
132 111
78 82
99 90
112 80
9 25
96 75
71 59
8 66
107 72
60 117
108 42
131 88
125 77
69 20
138 19
17 26
3 89
133 127
149 142
43 106
64 6
126 74
86 141
128 6
63 116
3 50
45 38
2 44
82 98
1 48
104 29
25 54
32 124
28 57
121 71
53 26
19 103
72 3
52 57
4 77
17 98
62 49
144 90
8 17
43 87
68 88
104 139
94 26
142 47
1 44
23 73
73 116
40 135
5 41
31 79
88 13
8 80
27 22
15 50
143 70
133 85
107 50
28 119
48 57
39 148
33 48
78 48
58 7
90 103
39 73
38 48
132 53
42 10
22 72
121 70
31 129
119 108
20 27
2 75
80 0
68 119
100 42
133 83
145 19
51 117
148 80
4 28
105 123
38 125
52 55
20 106
33 131
34 20
114 118
130 97
134 23
82 34
103 86
111 2
86 13
119 143
139 71
8 107
111 127
68 6
46 100
5 82
123 87
117 128
75 81
89 36
84 25
49 44
37 74
142 45
136 8
92 149
58 84
16 37
15 128
147 116
37 86
41 81
131 41
49 60
19 86
20 36
73 148
126 39
10 41
145 99
31 11
77 149
134 135
74 44
10 106
19 21
8 15
87 142
52 58
71 29
78 40
21 103
66 30
135 128
38 79
72 109
100 15
113 0
16 120
20 87
51 25
138 129
65 92
99 87
118 13
141 23
34 87
32 147
20 57
64 36
11 66
11 76
65 7
13 34
20 50
91 63
125 26
81 9
15 113
6 4
118 79
113 84
115 42
109 85
59 19
9 98
64 2
28 145
10 107
36 115
8 34
17 109
30 70
83 113
**